147,3
147,1
146,1
146,6
146,3
145,1
145,303
144,36
144,1
143,3
143,1
142,1
142,3
20,3
20,2
20,1
19,3
19,2
19,1
17,3
17,2
17,1
16,3
16,2
16,1
15,3
18,1
15,2
18,3
15,1
14,16
14,15
14,14
14,11
14,9
14,4
14,3
14,1
13,5
13,4
13,3
13,1
12,3
12,2
12,1
11,30
11,29
11,28
11,27
11,26
11,25
11,24
11,23
11,22
11,21
11,19
11,18
11,17
11,16
11,15
11,14
11,13
11,12
11,11
11,10
11,9
11,7
11,6
11,5
11,3
11,2
11,1
10,316
10,315
10,314
10,313
10,312
10,311
10,310
10,309
10,308
10,307
10,306
10,305
10,304
10,303
10,302
10,301
10,300
10,299
10,298
10,297
10,296
10,295
10,294
10,293
10,292
10,291
10,290
10,289
10,288
10,287
10,286
10,285
10,284
10,283
10,282
10,281
10,280
10,279
10,278
10,277
10,276
10,275
10,274
10,273
10,272
10,271
10,270
10,257
10,252
10,249
10,248
10,205
10,201
10,199
10,195
10,174
10,131
10,127
10,70
10,66
10,32
10,31
10,26
10,3
10,2
10,1
9,7
9,6
9,4
9,3
9,2
9,1
8,18
8,16
8,15
8,14
8,13
8,12
8,11
8,10
8,9
8,7
8,6
8,5
8,3
8,2
8,1
3,3
